1
1.0169312020839685
1.0289798740501293
1.038885757831735
1.043603806778348
1.0667625240935605
1.074058280722773
1.083982320657687
1.0865669798960993
1.096852082248216
1.0988282496780266
1.104579046260214
1.1058055459167442
1.117281283767785
1.1176589258005591
1.1263313752752877
1.1342103883044128
1.131442468234863
1.1356455453941257
1.1536818655527499
1.1572915668854484
1.1631269869197787
1.1669040783988491
1.1763482275991228
1.1751023702826437
1.182311279433116
1.1844628192938256
1.1878995639604857
1.1945066823254133
1.1995099703249992
1.2087960840656462
1.2144215641068745
1.2265433288898067
1.2423621957676545
1.2519084556859392
1.2805052069517675
1.2961663268069505
1.3094375664229434
1.32003265755027
1.3277182887770729
1.3311565919612567
1.3382034492008132
1.3429861673052237
1.353006158340773
1.3616964732626253
1.3823427214014337
1.384570271048882
1.3988252213017847
1.4059789377377314
1.4212718393488923
1.4253733753982718
1.4295467365853776
1.4367230335892462
1.4336688860984041
1.4396179953692327
1.4436493118971345
1.4513550414975078
1.4579863497647823
1.4666555247532134
1.4787568638772521
1.483214481629575
1.4787150406316705
1.4936779652737748
1.4963316400372844
1.4995645257199317
1.4971119340402266
1.5043031576865311
1.5053069686590168
1.5203546837579553
1.5289192936047458
1.5353606199971022
1.5397077729913544
1.5401140331376706
1.54606819736699
1.550595326632436
1.549230989094028
1.5531750134179716
1.5455998711835788
1.5435272287803388
1.5571672725488301
1.5601627136966776
1.564900839446428
1.5754322856999874
1.5680395870815167
1.5723452245655682
1.5825332263198038
1.582775104758836
1.5797176249423304
1.58402000116809
1.6003456335874078
1.6065006328575229
1.6163228784516281
1.6207990900675286
1.6217050096892889
1.6349561735402596
1.6394558118105704
1.6411205956362638
1.6384300526350875
1.636898810552751
1.6359667490408316
1.641730980812817
1.6453372690173442
1.6541159269128787
1.6498650806689512
1.651471028178751
1.660480398510313
1.6752587554084355
1.6802411491251033
1.6862893666505485
1.695882074872478
1.698888704754108
1.7010467606009887
1.7054176752501673
1.7093982362481652
1.7022722640627619
1.7160924396715522
1.7237986033749761
1.7285814192140165
1.7311681820973397
1.7359022074206383
1.7379820327964328
1.7389016989870447
1.7360601748423312
1.7372249724190552
1.739226184315448
1.746261029562622
1.7523716841548627
1.7612540212315495
1.7680462730336262
1.7722729591150583
1.7797439908909571
1.7979627374865748
1.8108585204612238
1.8221975409419087
1.8139237784028313
1.8200218716592678
1.8176246077734102
1.821113526418706
1.8248479889542366
1.8325811136182484
1.8365031123826472
1.8381400841979476
1.8401951352313222
1.836431458449711
1.8489181957804879
1.8530290892738106
1.8528635012191645
1.8576214705576581
1.8616067500957747
1.8635827173606332
1.8704970973622255
1.8633131127450497
1.869890940299948
1.8669113761457226
1.8686167173137713
1.866797267161042
1.8706903793315368
1.873769202862935
1.8802248575424914
1.8722096826708399
1.8755409050125518
1.8810615271316855
1.8810798633723806
1.8850154113216127
1.8949418984473445
1.8896198858653426
1.8976575646370393
1.8994690251058333
1.9005712364799188
1.908021776431582
1.9182868916183522
1.922907589412328
1.9263926720909033
1.9263522715834538
1.9292587960138141
1.928473360948599
1.9281284049460834
1.9236268380359398
1.9158936333810583
1.9174384111217107
1.9157091827339074
1.9238994092184223
1.9232049398569742
1.9287875565899752
1.9351122805127707
1.944544747409058
1.949025110993352
1.9481193824431244
1.948685053784685
1.9572806624676757
1.9557887442274322
1.9574816389579464
1.9545635044758871
1.9642271421992838
1.9653224337275008
1.9747311140680677
1.9775917005424763
1.9679876576037862
1.9791723777670467
1.98103356517613
