1
0.9951166274645497
0.9972230898997111
1.0003094519288218
1.0053083332610226
1.0055669958717803
1.0024935314983838
1.0107117010298117
1.0230422845040388
1.0359079246151452
1.0546665017417605
1.0486912590105029
1.0524848710974672
1.0584507070663909
1.0729670730237586
1.0848130844159671
1.0811187566163634
1.1053806496600713
1.1019053206005593
1.1058958480939187
1.096854152938709
1.1023256467547322
1.1093230061807022
1.1182073864113218
1.1390601828976437
1.1506321654128693
1.154150237364418
1.1525910324134643
1.1499591669826579
1.1470526491772124
1.1400460971727917
1.1581536782950315
1.162416044150968
1.16567259836057
1.1613169336990647
1.1581592176708049
1.1580327846808258
1.1494644645150007
1.1647183760983206
1.1686269061645196
1.1693131173911187
1.168089056873566
1.1721997306498761
1.1725714847450985
1.1827489977959258
1.1836347292737586
1.1820667562054576
1.1872953662392025
1.1973896355591296
1.1972275947070792
1.1880050221101062
1.1912746375966818
1.195821579985263
1.1973250458513263
1.1989789789581409
1.1917321468405853
1.197856227587019
1.20725447355849
1.2095481622692703
1.217267151995886
1.2314269853570556
1.2522880982647415
1.2770994030861968
1.2807793405258479
1.278738787092598
1.2761077228279107
1.2750552977853646
1.2793668440719552
1.269805904565294
1.2836396738923495
1.280751754458312
1.2921948621578596
1.287855256044806
1.2960322854733444
1.300845765362575
1.288909368342768
1.2831108304675702
1.2744303049210282
1.2749072979949267
1.269127986084992
