1
0.9962363748146754
0.9891360164193463
0.9843418601252927
0.9846752460999507
0.9844329159718532
0.9879563236697195
0.9854009496795313
0.9836444805606094
1.000773558767779
1.0044486911601407
1.0214624997876065
1.0307567971067655
1.030495294784986
1.018941572833827
1.0064311670317765
1.0298902625851367
1.027356889118833
1.0269652569967853
1.0408324457802127
1.0320639786306294
1.0194949496778636
1.0324720675958041
1.0278919126486137
1.0196910682324014
1.0196910682324014
1.0196910682324014
1.0196910682324014
1.0196910682324014
1.0196910682324014
1.0196910682324014
1.0219041253280887
1.0211586337450955
1.0230516156358611
1.0346222477984444
1.0222911454932733
1.0222911454932733
1.0222911454932733
1.0222911454932733
1.0222911454932733
1.0222911454932733
1.0285719207529145
1.0290546022600955
1.0234814924037519
1.0234814924037519
1.0234814924037519
1.0234814924037519
1.0234814924037519
1.0234814924037519
1.0234814924037519
1.0234814924037519
1.0234814924037519
1.0234814924037519
1.0234814924037519
1.0234814924037519
1.0234814924037519
1.0234814924037519
1.0234814924037519
1.0234814924037519
1.0234814924037519
1.0234814924037519
1.0234814924037519
1.0234814924037519
1.0234814924037519
1.0234814924037519
1.0234814924037519
1.0234814924037519
1.0234814924037519
1.0234814924037519
1.0234814924037519
1.0234814924037519
1.0234814924037519
1.0234814924037519
1.0234814924037519
1.0234814924037519
1.0234814924037519
1.0234814924037519
1.0234814924037519
1.0234814924037519
1.0234814924037519
1.0234814924037519
1.0234814924037519
1.0234814924037519
1.0234814924037519
1.0140863254115107
1.0234814924037519
1.0134679155632695
1.0191412706530634
1.0228286745990587
1.0239662378797427
1.0279161111602828
1.0319459543038556
1.0289571960282349
1.0344144759411473
1.0260969747899056
1.0226927705304127
1.0260969747899056
1.0275506810772697
1.0187796409169831
1.0187796409169831
1.0229479528843233
1.0275506810772697
1.0275506810772697
1.0275506810772697
1.0250312809049271
1.0275506810772697
1.016776140788096
1.0275506810772697
1.027134304477587
1.022224647163019
1.022224647163019
1.0359449503877618
1.0299532637714046
1.034609651095583
1.0247849480074482
1.0343002614827455
1.021722761447512
1.0332884682407715
1.0264349188620154
1.0264354636179562
1.024443751472541
1.0308987100043558
1.0304018852545163
1.0197629985527121
1.02403241121026
1.0269927742020089
1.017535158340681
1.0291711468315716
1.026763895171547
1.0318337389656307
1.031314784725138
1.0249104264736524
1.032640618706294
1.029326154125667
1.0328514934053532
1.0267920175774308
1.025223739461868
1.0267920175774308
1.0347425637878007
1.0277448373141846
1.031145709661123
1.0321958133644529
1.0244448217705733
1.0415226370147468
1.0354574425998146
1.035483573413902
1.0318097181703085
1.0289854777136374
1.0314300181740559
1.0335826221786444
1.0298518248143602
1.0319362830090804
1.0306876745051083
1.0338591290715373
1.0305128357842877
1.0428990902938942
1.0357422353668206
1.0462120163480353
1.0356189172755754
1.0319702187366544
1.0431990657252561
1.032752163192284
1.0350074885088056
1.0385659225435033
1.0325820835649406
1.0385659225435033
1.0416167380842771
1.027547613786663
1.0416167380842771
1.0345958062365674
1.031261222054806
1.0345958062365674
1.0345958062365674
1.0324854631664893
1.0345958062365674
1.0345958062365674
1.0341047856796677
1.0345958062365674
1.0249033927021165
1.0345958062365674
1.0345958062365674
1.0318542640876174
1.0345958062365674
1.0309276272820078
1.0345958062365674
1.0302459446681367
1.0345958062365674
1.0345958062365674
1.0227712630673158
1.034307307276632
1.0302669984410278
1.0345958062365674
1.0336022157051556
1.0345958062365674
1.0305840206213224
1.0345958062365674
1.031152722830776
1.0345958062365674
1.0345958062365674
1.0336355780350093
1.0338273472657407
1.0338273472657407
1.0345958062365674
1.0329387002703916
1.0372564858469955
1.031870413556253
1.039894521648924
1.034749891884275
1.0361865471605356
1.0285202875869874
1.0355987979775125
1.037303013369672
1.0359675445283112
1.0378690965750104
1.03274477233846
1.035724768691981
1.0361036325971773
1.0359117813192391
1.0416701449802552
1.035420237959426
1.035420237959426
1.035420237959426
1.035420237959426
1.035379869824468
1.035420237959426
1.035420237959426
1.035420237959426
1.035420237959426
1.035420237959426
1.035420237959426
1.035420237959426
1.035420237959426
1.0418623062276333
1.0346402869261073
1.038699050773818
1.0352795842252844
1.0380594620730745
1.0354196282230483
1.0385770110419783
1.0321004086655077
1.0444685574223183
1.035508490525209
1.035508490525209
1.0373270654074351
1.0363817421247357
1.0373270654074351
1.0291537502149284
1.0373270654074351
1.0342443063906972
1.0373270654074351
1.0300113116422924
1.0373270654074351
1.0371516028316874
1.0287395861884032
1.0394601658009384
1.0277308435788273
1.0388756881678907
1.0272856633023433
1.0329713820595794
1.0373680743850644
1.0348051898218642
1.0385964805084942
1.0278678645924884
1.035756429185491
1.0392960546936336
1.033270080890144
1.0414103104273866
1.031041090462959
1.0361342991209033
1.0379558185191504
1.0351655979633954
1.0373599066077464
1.0295071527802349
1.0373599066077464
1.0194223557322484
1.0409295568970527
1.0326318273758224
1.0338601853551712
1.0428057643158526
1.0358056537664315
1.0358056537664315
1.0358056537664315
1.0358056537664315
1.0397413447444424
1.0370210027079287
1.0317211942896523
1.0359253515288975
1.0288672767277143
1.0359253515288975
1.034435637093428
1.0359253515288975
1.044748823955577
1.035284044290109
1.0378398052885742
1.0355067057807739
1.038644048964444
1.0305652777851577
1.0390281866115403
1.0306385620486636
1.035628445378381
1.035628445378381
1.0390281866115403
1.0310678807660385
1.0361563225243255
1.0371353027827783
1.0340253918487607
1.0364538995596013
1.0276921555057559
1.037944938414234
1.0275373883769314
1.0420751872889207
1.036489003518749
1.0351498742923189
1.0299642933195263
1.0380149962917917
1.039255151029424
1.0344626236136496
1.036019061573261
1.038646278480875
1.0308606030658016
1.036983926476524
1.0357368836323313
1.036917004772538
1.0376081071721248
1.036859847484804
1.036859847484804
1.0369007554317382
1.0369007554317382
1.0399577131743167
1.031046834763918
1.0365193346686519
1.0376831500444552
1.0322792042942204
1.037576296582849
1.0402485459265025
1.032596229392626
1.0391972228953594
1.0363214696708967
1.0371898648298676
1.03608211514012
1.0371898648298676
1.0291248251831806
1.0384261056981523
1.0299555441882682
1.0364397316853073
1.03719699729771
1.0357447512850553
1.037497269325558
1.036502175053953
1.0368180232406576
1.0359358038703643
1.0402481589685386
1.0351407142381428
1.036908274337165
1.0369659256957255
1.0367835168600865
1.0365925991198779
1.0354049957121463
1.037720241037081
1.0375223664213509
1.0409324244472586
1.0373246358007595
1.0391943716536138
1.0313365736808187
1.0390823937491893
1.0263095709820698
1.043767996523311
1.0321182245597305
1.0354112755831124
1.0371378842190575
1.0379408434809805
1.0345104207347782
1.0402274174596708
1.0362547943449385
1.039172056657177
1.034686777331577
1.0373036434419582
1.039172056657177
1.0390806327057474
1.0331228777138053
1.0384567307225376
1.0386729289911247
1.039172056657177
1.036515665925633
1.0377282243300527
1.039172056657177
1.034111491019301
1.039172056657177
1.0400580194241136
1.0347129979238054
1.0398668619349483
1.0384958864071665
1.038707314440982
1.0265166403133914
1.0398007282201878
1.0251212489073065
1.0380128821520838
1.0366739536818317
1.0388295644568097
1.032550701922976
1.0401076950781634
1.03318726807647
1.03814905646664
1.037285851070135
1.0377487605393725
1.0382662541072518
1.0322521805734761
1.038757267209452
1.0377297927558988
1.0377044317626332
1.0343159021562853
1.0381062180776546
1.0303248438123471
1.0399275793030518
1.0342561027337407
1.038185450078263
1.036859331116912
1.035723803595158
1.0378762333951548
1.0303418608777704
1.0380176377014194
1.0304433972386404
1.0379859189643206
1.0386215459032657
1.0356314111658385
1.0394343995704305
1.033891671702664
1.0377728846757812
1.0304779696181745
1.0392997232591532
1.037879769542232
1.0367220067669365
1.0384230606409761
1.0365101723199144
1.0377792883510684
1.0346186989120751
1.0379616384653765
1.0315335067757545
1.0392152908343273
1.0351479328783033
1.0371086174733901
1.0349457821984844
1.03897436151368
1.031070187881189
1.0389375044251907
1.0316654554895048
1.038802922826839
1.0347470772991063
1.0386997752985978
1.0308566800380108
1.0379132333987695
1.0325312474684107
1.037613196974579
1.0362170204880063
1.0376155947050298
1.037547207550616
1.0355854021243887
1.0388814207675854
1.0321041136251294
1.0384276436967779
1.037449715387392
1.0378625042749337
1.033386678073395
1.041250977967125
1.0379716465009268
1.037827364961321
1.0379678694301666
1.0266761453974294
1.0432460405794337
1.038371162582162
1.0289698080661545
1.0377924482450198
1.0352379398482399
1.0371430382150817
1.0371430382150817
1.039866788946831
1.0340601556252582
1.0394334911455572
1.0372891775591935
1.0379787934081344
1.0348613928648407
1.0392727536334823
1.0397124429544407
1.0333687224880328
1.037933526395157
1.0338448876869595
1.0406453086865286
1.0370556106654953
1.039428161493254
1.0312142897485561
1.042087420408824
1.0358518404261932
1.0427722597209663
1.0332545992420907
1.0388642086651114
1.0345499620512473
1.0404460939136142
1.0352723179994603
1.038045503829672
1.0342149296375216
1.042215095749484
1.0380681884129566
1.035154340351894
1.0399058294143018
1.0351902193995448
1.0397056673099745
1.033242428473386
1.0392360417807691
1.0334176380448852
1.0423114816948384
1.033869946381534
1.0395469598753884
1.036462904080736
1.0381789913677588
1.0370609866892175
1.039193329479945
1.0363795443859831
1.0397742446273222
1.0387001896375523
1.0320753224073702
1.0403024495347537
1.0382208105009536
1.038574270724327
1.0373548609403636
1.0408606341887674
1.03247816851206
1.0437972833466276
1.0375186529303728
1.0415911892286949
1.0328457306608554
1.0394062502711008
1.0363901116278518
1.0402720182699554
1.0414499389211316
1.036691434368653
1.0384951239915403
1.0398465868764208
1.0377718554346607
1.0408142013807926
1.0414381951791039
1.0413252107230153
1.0406225440249972
1.0338109080872622
1.0410054380222442
1.0388210107368125
1.04098273365893
1.0386301541935685
1.0407143412933866
1.0403602496132895
1.0389321194889567
1.0412833137282942
1.033309595714951
1.041339293584991
1.0408817874804888
1.0383669483007927
1.0407466518055246
1.0310218112459388
1.0408000789780933
1.0333953489179757
1.0411947988158796
1.0374597785781436
1.0410314072978732
1.0408013853097495
1.0371922853822493
1.040944503424233
1.0393497282439896
1.0416062571908509
1.04157997096644
1.0339412127288075
1.0409707588415884
1.0368828585356182
1.0417836681970292
1.035677779769777
1.041704868287838
1.0399667943741129
1.0401970608331959
1.0401508968933475
1.0399207191140545
1.0395972891982388
1.0411474454253373
1.0412423296546398
1.0407616378028735
1.040319900787624
1.0419575611723784
1.0385446537890688
1.0423078404600061
1.038486365429136
1.0413875182919274
1.041307381747128
1.039681047802766
1.0420552782909676
1.0419658513947547
1.0391613844348762
1.0419348804238884
1.0403927314137473
1.041900109604386
1.0366350165365483
1.04485280059971
1.0444431892295605
1.0408360855978662
1.0415744719106297
1.0408051053239948
1.0415744719106297
1.0415744719106297
1.040812927582452
1.0407180634107736
1.0417856052354681
1.0397379551420398
1.0430967185087288
1.0415909266923833
1.0426015648358067
1.0406953145037239
1.041742803768821
1.0418473931428514
1.0409605165856817
1.044281668705063
1.041615078491949
1.044850040795491
1.0437420645647029
1.0445715459062563
1.0432393163598395
1.0432393163598395
1.0431037507489527
1.0440509066278874
1.0438049299726675
1.042915183322905
1.0445715459062563
1.0416089145513554
1.0440262094693828
1.0440262094693828
1.0429178966884722
1.0440262094693828
1.040158633003651
1.0468896207662393
1.041499668699128
1.045545471178062
1.0353402388319874
1.0441942618144857
1.0418948849197953
1.0484338524637105
1.0443334059733205
1.0442795236994518
1.0434234120580141
1.043849228393432
1.0410258403728467
1.0438611620975373
1.0450700393693486
1.0447409130810545
1.0449052640738483
1.0427247871949277
1.0445146916936658
1.044627972906679
1.0441282924313087
1.044478846493439
1.0443952599924045
1.0437902996545971
1.0437902996545971
1.0447586453351168
1.0416473653517961
1.0460742020407534
1.046666631220034
1.045336142812928
1.0335998237171817
1.0453170738426476
1.0422231042228631
1.0449368221595297
1.04324545407062
1.0447193941511264
1.0429479170243763
1.0462776533112461
1.039044866103558
1.0455224984783096
1.0414660000275209
1.0449161607208546
1.0455288746204479
1.0444198221315
1.0444198221315
1.044817765742014
1.0452933098882469
1.0433414779255392
1.0458540001784475
1.0453345259662923
1.0449451911616778
1.0453168664651877
1.0367069268442157
1.0476304343547296
1.040155420980704
1.046308901182618
1.0377866561272175
1.0452224716398844
1.0447428060731219
1.0447323288742947
1.04506776302965
1.0442428702429938
1.0452681847136867
1.0436639589238128
1.045614395461965
1.0444933653153126
1.0455905481229522
1.0445541231070041
1.0482642168289635
1.0420773427252712
1.046973174644441
1.0461236680515622
1.0453328781402884
1.0367663105949634
1.0462760815679388
1.0462296493698482
1.0456511693466475
1.041875608996552
1.045797274133133
1.0452360751833303
1.0437165717741463
1.0462604622666207
1.0423033592493482
1.0467159872144975
1.0397730735779525
1.0479523407557703
1.0446197999626983
1.0458718688909274
1.0437454184405328
1.0456180252962806
1.0419182115649206
1.0461221390689015
1.0403920243329505
1.045530048392483
1.0455480925744973
1.0447981527273391
1.0457562371936955
1.0419758221694753
1.0458545776014654
1.0443052484404491
1.045996257689075
1.044439040130023
1.0454482051858205
1.0416777467068292
1.0456817387507638
1.0437162754035614
1.0456613566288802
1.0408916761449014
1.0457071139044274
1.0454870586392713
1.044166874982809
1.0457907687496397
1.0399038067584006
1.0459820507047213
1.0457774112735043
1.0448749406633597
1.0479760515944798
1.045021583805759
1.0451054806109785
1.0464892686414138
1.044524339412186
1.0466133859093432
1.0334789952177863
1.0465611711992133
1.041585302257983
1.047262415409536
1.0458696690192566
1.045117158495841
1.045603799415321
1.042244812173641
1.0456258790866044
1.0438045415928314
1.0463672463232696
1.0456754142879703
1.045687081535926
1.0453431799459225
1.0455663765004186
1.0458492897934715
1.0422554827417614
1.046948005510968
1.044978843179814
1.0460436357906666
1.042543294235676
1.048894259025945
1.0361719542546932
1.0459499597639017
1.0456698200153953
1.0459399094377082
1.0427206194765397
1.0462307333871663
1.0457700961313738
1.0465975825500156
1.045813075394414
1.0485470791307214
1.0470126256471741
1.0438507998100965
1.0482277406578882
1.0472346231187297
1.0452750715654273
1.0463301791757436
1.046319768576588
1.046397500547527
1.0457730172460358
1.0479089494351952
1.0432703468517284
1.0486988210459247
1.04536843624066
1.0481653883516566
1.0491925698616644
1.049504835768201
1.0466137198898544
1.0489451951964994
1.046100059407863
1.0492663325349723
1.0447740738464042
1.0505077208118045
1.0491345381949013
1.0457441698904666
1.0498726229171125
1.0425767316672498
1.049383911014398
1.0474505069343276
1.0488691167146242
1.048399962685491
1.0493998548318288
1.044446823378902
1.0492861730186946
1.0426085121651747
1.0504355699320582
1.0467385759232757
1.0495202133736443
1.0446294994230014
1.0499622105491722
1.04786248975363
1.0487489785497577
1.0465799949537573
1.0496822748354233
1.0508686630694535
1.0483051739312097
1.0495388984895933
1.0476503245839588
1.0506998764703281
1.0490212952938511
1.0490026065285611
1.048376376580125
1.0495427687081955
1.0477326529982383
1.0503801711484286
1.0414207418274963
1.049328310201986
1.048443947480475
1.0496480144989173
1.0487618770477347
1.049592760207119
1.049632429715516
1.044185095197041
1.052265935113062
1.0495128302481875
1.0456349872871913
1.0495264802836908
1.0475202327615298
1.0504039472510036
1.0486907986171121
1.0500958164772916
1.0502391037567471
1.0483826923939679
1.0504100411225405
1.0495391151322455
1.039078663369437
1.0505786141476074
1.0391234912669074
1.0498096962192809
1.0497951888511494
1.042988145946068
1.0503371773523362
1.0501231472427275
1.049367454138865
1.0491283256130952
1.048611489102834
1.0503993880795894
1.045306118797603
1.0500732898872216
1.0492554603269082
1.0489267775279403
1.0512632208481252
1.0490409639122515
1.0502667708471016
1.0497502628178585
1.0478462216080346
1.0509432928067464
1.0456051181716988
1.051234364736447
1.0477244685850957
1.0509283449918605
1.0493305263459276
1.0502165286496992
1.048295701185831
1.0501981862396879
1.0496434528673542
1.0498006048514033
1.0479577346636932
1.0508124935605139
1.0490752910573529
1.0520731511811778
1.0496531762100403
1.0504954620409932
1.0497837282467815
1.0504242088735176
1.0502552256374436
1.0503178993710285
1.0490005819525818
1.0507657509281678
1.0494243628714461
1.0504475121995849
1.048939996667468
1.0502537457151955
1.0495472806885473
1.0502537457151955
1.0440365499326167
1.0502537457151955
1.0480368506330022
1.0502537457151955
1.048542883310163
1.0502537457151955
1.0476192973033356
1.0502537457151955
1.0483463102491697
1.0502537457151955
1.0493645913415117
1.0502537457151955
1.0495353652933999
1.0502537457151955
1.049759442997873
1.0502020633199547
1.0502537457151955
1.046779786996757
1.0502537457151955
1.0500094801241238
1.0475092749621489
1.0502537457151955
1.0477955570705115
1.0502537457151955
1.048928342492362
1.0502537457151955
1.0383868404762981
1.0502537457151955
1.0456577053444995
1.0502537457151955
1.0479686443737777
1.0502537457151955
1.0498390609537749
1.0501007204699582
1.0501871376158378
1.0468423225078725
1.0502537457151955
1.0464577102368537
1.0507457830011167
1.0489795878555757
1.0525081086241581
1.0511345492027455
1.0474772730537756
1.0511775411615147
1.0456557190950713
1.0509547786360827
1.0499386066794063
1.050820049903296
1.0500626672612945
1.0507283080974494
1.0481948176527156
1.053570154963075
1.0494089063794876
1.0513732400038704
1.0509935846783658
1.0450713262889133
1.0520543300331078
1.0452955683797385
1.0517763968349096
1.0477110356335773
1.052237310618042
1.049135609432351
1.0523605946086316
1.0478577176601411
1.0517401294566977
1.050870695016729
1.0509072052524582
1.0501946482819051
1.0510999418140858
1.0450702065854027
1.0512762134144322
1.0501379964006923
1.0518236660495794
1.0486850703841886
1.0512741264737953
1.0506708928597295
1.0525106625169076
1.0442623071080928
1.0515674216657924
1.0436089294235271
1.0518007899223667
1.0511939787291327
1.0458396401922434
1.0517306328261826
1.0512714714785343
1.0436530981296592
1.051168984972306
1.0513575495052547
1.0455830487357343
1.0522573672196398
