1
1.0032168248050954
1.0124159177358751
1.016066968806831
1.0187549983786628
1.0382170152848875
1.052681830535085
1.0583618757711994
1.0575169994470177
1.0615393406058935
1.0682216635253796
1.0755844692114942
1.096805919007507
1.151401433052272
1.164824025396979
1.1808436203389072
1.1919107628518115
1.210111246536108
1.218944688295283
1.2370208742240125
1.2554133285234435
1.2600395018328914
1.2635049312479483
1.275129275879782
1.2774384668381218
1.2825110914957718
1.2875769837548963
1.2918284754640703
1.3050168606816013
1.3162338182528652
1.3255335488765523
1.3329168958505342
1.3391387427601065
1.3470274184271678
1.347425567180983
1.3536088102875041
1.353530339696489
1.3563013300052678
1.3598434127102903
1.3601680811631556
1.3720436369598086
1.3738996732846709
1.3770542155511545
1.3836210294915448
1.3933559222108272
1.4054661282570688
1.4057037081028885
1.4112513653818548
1.4153575031580137
1.4220570806608912
1.427748119552742
1.4338621782154317
1.435275487893701
1.4367853867469358
1.4435610408507091
1.4564785914816438
1.4579912019559287
1.4658452154357062
1.4780778411801518
1.4843473548232984
1.4909756848880258
1.4854634740242887
1.4918733190665154
1.4970939995616586
1.503886834902134
1.51169713572315
1.522332360312739
1.5118594876210945
1.51286435271871
1.5064454773326315
1.501039445048061
1.5079567070084063
1.5140630951978928
1.5126062688547013
1.5188194951471223
1.525072439734137
1.5288962395679961
1.51867136943593
1.5181298448053246
1.5297529041811855
1.5313306203233337
1.543276991408111
1.5525546704948543
1.5513257850025333
1.552913982670934
1.5600010684503092
1.5639671983848966
1.5742499708235538
1.571926265724895
1.579996701431353
1.5889135576228823
1.5956447151718953
1.6010950701253561
1.6046594032219734
1.6144353563307317
1.6192376821841452
1.6269528025136233
1.6282543913716998
1.6313289293770556
1.6279374567703915
1.6256245361856065
1.6364043005321234
1.6411930632422933
1.6453520745087018
1.6466442431267367
1.6536143531186893
1.656117212283445
1.6606978202728073
1.6667157031659305
1.6694139066820683
1.6747802311247966
1.687211304215754
1.6994532185496325
1.694688877028429
1.6963924749470591
1.6973218847960565
1.6959225481492501
1.7000894658035126
1.70133365648451
1.702918057313413
1.701198913208271
1.6996730618597033
1.703984029539609
1.7042492228808357
1.6968051708474077
1.6999816365786953
1.7048906796297987
1.7073691302247158
1.7210330531070306
1.7264993128513415
1.730535494715666
1.7382977155601944
1.741611288992538
1.7492582541779589
1.7496694990408952
1.7560782817044482
1.7633431632226215
1.7701231241023212
1.7718186895243342
1.7733418499021558
1.7755739545872407
1.7826354205283097
1.7873986110882083
1.794884486971162
1.8019861925916036
1.8023367922977422
1.8071140970484538
1.8079374211257178
1.81341824569845
1.8043502653643213
1.8023564344423049
1.7961114906295252
1.800936734408478
1.8117909561350514
1.8063262357261292
1.8120874565485265
1.8177385437756246
1.8190566419970033
1.8151582819469712
1.8205137616064548
1.8316218531444362
1.843102472360944
1.8533117391919427
1.8533149899411752
1.8619668686240634
1.8663949258020733
1.868706780913725
1.8744349451649245
1.8815287785670485
1.883249741362925
1.874531383142879
1.881087943357377
1.870801124668402
1.8703481840328602
1.8742344407426508
1.873090124482957
1.883544455054407
1.8942479479191054
1.8930876948253383
1.8985570868727832
1.9004107385321414
1.9055313557811253
1.9077431639777178
1.9176206730105827
1.9201716818462715
1.910282129758881
1.9166208360691097
1.9215682695529526
1.925133006013552
1.9322183279581846
1.939370906010029
1.938106115109377
1.935839056504355
1.9403959132502142
1.9517279138160322
1.9520152136911635
1.9584017467418973
1.9573423249281339
1.966848994985506
1.9770423025812107
1.9741558752544048
1.9792749403774892
1.9811865793349999
1.9860200064111744
1.9871745304631685
1.9813215978669667
1.9836961564124058
1.9864688897650749
1.986281574595234
1.9879503150042002
1.9932057913348002
2.007706127599687
2.014491942384031
2.023007831076693
2.0238371808702693
2.024569748391703
2.029320430033006
2.022377108841029
2.02076235570886
2.029394238403453
2.0347694138474597
2.03271274631496
2.034793612610357
2.036087330175914
2.029354923591568
2.0427722833701396
2.0450741448242846
2.0511628196833978
2.0516719944397104
2.0552497369289275
2.0611583172033514
2.0685514714720563
2.0732491458434663
2.076591560861717
2.0807380379483793
2.084679399615182
2.082360296256388
2.0771259536880433
2.0739295224436063
2.08043678100598
2.0820477668704367
2.0755793769705138
2.07381520314259
2.0798384434692663
2.0854985786131834
2.088423460918249
2.089370601756164
2.094806146695912
2.103176834733865
2.103536461889301
2.1026404170309085
2.106044043309809
2.120321786548774
2.129642458703032
2.132017378477002
2.124461894432011
2.124461894432011
2.12394798187101
2.131329527406432
2.129819700835719
2.131275411266122
2.1235475029514346
2.1195651648826836
2.1263727522055964
2.1328101212226778
2.1292947687902566
2.1361991087132224
2.142195156309871
2.149299581568477
2.1511184062759936
2.150960151909722
2.1469049027399443
2.142798030284833
2.1483545331267853
2.15392016664961
2.154033320535278
2.1557451714113114
2.1611763875673704
2.1650809875204082
2.1686312447435303
2.1775760474645973
2.188632245084459
2.200352983982491
2.204236665613843
2.2110563800834853
2.215233764533217
2.2168257687576003
2.2188265628175237
2.2244455535842222
2.2214569597895806
2.238402872689901
2.23821153811482
2.241370189625089
2.2444811013862425
2.2511283491818994
2.257455041313298
2.249571376080516
2.2389859682487026
2.239667177068872
2.2453501384071295
2.2517011165512
2.248275525965
2.2547457604057515
2.2630394626706822
2.262722804857096
2.2596555382780785
2.2729611590645686
2.280962835224908
2.2889766294507976
2.2895889236943594
2.290959124197869
2.292415840423977
2.291489109018211
2.2938896783604763
2.297122202685254
2.3026521378892144
2.3027669777120576
2.303346342109222
2.3014515016534225
2.304048440761578
2.307770578328346
2.310429421595403
2.3106403961666495
2.303873944420422
2.3113714926386093
2.310179938275958
2.3139394301737926
2.303981446555724
2.29917820541974
2.2961049391205126
2.2944254723828075
2.294671144697709
2.2977044153075625
2.297508192406097
2.307512580980337
2.310746279210432
2.317925835109999
2.323279757542843
2.3267708523454957
2.3315989920261875
2.3238629216638187
2.328503977283637
2.3358088934670924
2.3371022078224937
2.344832261982028
2.342066833313458
2.3445628015600515
2.3496868412102394
2.3509055132138625
2.3505787816579122
2.3541973217712546
2.3626600884919355
2.371010693356605
2.366042236612304
2.370426655081067
2.377560632465725
2.3736703914321198
2.37226426822188
2.3782916916664916
2.3803698261602038
2.3783042099528573
2.382054267571242
2.382345995610713
2.387308610506663
2.382045753528791
2.3777937438681502
2.387406290223313
2.3920989921332145
2.3979858416520945
2.4019798786144033
2.41100183074046
2.4108703576012096
2.420586117912013
2.421191251397012
2.4273917646062855
2.4241503982798935
2.429201391364286
2.436397431180277
2.426908162131868
2.426614789663066
2.430176037520739
2.4242285051362074
2.41923929585811
2.4188209191383234
2.416283679524696
2.425025549983761
2.413789876019274
2.41826723588468
2.417063802956758
2.4248155799400495
2.426074238840333
2.4192417441447724
2.423748483707562
2.424208780455197
2.401607010659688
2.406482864300751
2.4089220219428173
2.4081318208537654
2.4103756849697895
2.4023423251478717
2.4134405357508144
2.414457517400504
2.418856912564975
2.4162583140338167
2.414056971586333
2.4130197409506255
2.413530301489311
2.4133158879325602
2.4172151838206917
2.415444315377139
2.410952787115332
2.4128795883718084
2.426673235719882
2.42549800994478
2.426814526014537
2.426909268266888
2.4292953371180723
2.4337002952657945
2.434402830627888
2.4424187025597854
2.448379459482916
2.4531111858015087
2.4545097480897136
2.4590738458477337
2.4590222732495524
2.4591286535542274
2.4601704953537067
2.466898302550655
2.4705992999954067
2.467070006711788
2.469094886693062
2.4672708805107515
2.4661865238351486
2.4695259630962374
2.4668438943435116
2.4722424085937322
2.480933419862204
2.4808109561781753
2.4858493032639872
2.486380509439099
2.481117495756113
2.4757494299007807
2.4757494299007807
2.474036571862993
2.4743749549430927
2.4749172373784183
2.4732929982900975
2.472574410147364
2.4772080175521762
2.4788156061833915
2.4842238352919632
2.490108942273095
2.498396389001888
2.5061221190112533
2.50142358253044
2.506196658467122
2.502410216734606
2.5002829542260026
2.4933036224145018
2.484160645837268
2.485281216046404
2.472657444185998
2.4773317953716543
2.4771965280910684
2.4774022789959655
2.469902985288915
2.4594886713533644
2.462909089014468
2.4634117917325757
2.4581697241567952
2.457505821093548
2.4600017324535415
2.4689793086772127
2.4603557130322953
2.4548578316287935
2.4482461379534097
2.4430116313828614
2.4426923142594195
2.441468667213414
2.440304036532463
2.4431876708384213
2.449243056860664
2.447443223008256
2.4478145751823446
2.4556209565048626
2.452317608243669
2.448802540031636
2.460351178812393
2.4613934496944267
2.465993827595143
2.47245531655493
2.4712283009067355
2.4722606961150277
2.462746694446382
2.4677822586000664
2.471207664676923
2.466875922825111
2.4772597873249733
2.4732139298290705
2.478865541671518
2.482400215183938
2.482937520977603
2.482758556876656
2.4828448695314607
2.4855403282664654
2.4948080379562816
2.4954950826109994
2.496457380045822
2.4856729923307337
2.481255213008384
2.4794581491497922
2.4829065877099974
2.4831461434260493
2.480987794567552
2.4795164049155467
2.478128973945863
2.4764345717171845
2.4746091576907348
2.472857728750746
2.4810590742037992
2.485695384248751
2.4937549642922807
2.484191870486539
2.4948525068303646
2.4960149589555716
2.4989289458049413
2.5021205696557045
2.502628131020491
2.50602044531365
2.506266412080993
2.510649767838392
2.513902922588922
2.5141544988077493
2.5063845955280937
2.5029920458679573
2.502933536257664
2.5065040927448545
2.504943930999927
2.511460092764191
2.510322964154633
2.5093593638507605
2.513063733019894
2.521476147087849
2.512387695722145
2.5129892541023553
2.5165044704304784
2.520316417255635
2.5232687044736233
2.5260524549641383
2.525253252002306
2.5260195765369753
2.5338267187349683
2.53105970756859
2.524563726196358
2.5300685781712913
2.5352321514752765
2.530360281680666
2.5260286309591895
2.5321927922041225
2.525520252285827
2.5370306777133838
2.5345113849605934
2.5282636884989627
2.527813264470754
2.531920425420624
2.532689164534412
2.5297800344553996
2.5341851741856205
2.5354866247195726
2.5296860778191665
2.535416563226821
2.538007657759411
2.540512332912401
2.53144757531349
2.5345856630271855
2.529477985895113
2.5353600241667893
2.538457658545508
2.535860014427131
2.5381576887511277
2.537784282074755
2.537082895868343
2.539594083326781
2.5382751012572657
2.5375030010934037
2.533136148720105
2.5301735395809337
2.5301735395809337
2.5282367078923413
2.5208280609768274
2.5250250142828436
2.5206470387627777
2.528073229058708
2.5204839590689745
2.5204839590689745
2.5236396759466553
2.5188934620732892
2.5250398529430753
2.5303101733166113
2.5329238369905256
2.5345291686904154
2.5297456578252984
2.5235940699345334
2.5305473894666624
2.5271494761089146
2.529270188209552
2.5237911792259857
2.5095325745010797
2.51563150477714
2.5225165238285676
2.518707797806471
2.513059179043094
2.50264102316513
2.49662988991239
2.482638778635959
2.488068803295358
2.491212551224365
2.484445545527103
2.4742773120009285
2.4845750495157795
2.486128082011588
2.4890476088452775
2.489131488300693
2.49031219745405
2.4919625527130966
2.4901130698976037
2.5000706329667306
2.5013431044935635
2.5045167237407373
2.504167411359121
2.513329873219633
2.519361840164171
2.512442215412831
2.5134650498748856
2.5043071946883053
2.4970194389897737
2.4978799117762183
2.49709135031656
2.4954563863402477
2.492786217446913
2.480554023861081
2.4832383326659455
2.483706735714176
2.480183888926994
2.474486881487186
2.47024967262531
2.4769574985335376
2.4844186146526206
2.486415917326973
2.5002175876113464
2.501580248659651
2.5039312357713843
2.5130780111914954
2.5054041745044473
2.5018375416277436
2.498994633856618
2.502324132495326
2.489712016013006
2.486258666149377
2.4868218855128137
2.486270475734739
2.4876709465605913
2.487018579191865
2.4910749931958
2.4955286477230008
2.4937806360887063
2.4944276186007888
2.489856098399314
2.492035367195823
2.490199028737599
2.493469840965644
2.494291884845862
2.5016191265534484
2.505392962145301
2.5123016518306382
2.507966759626162
2.510465545981073
2.5156655223321405
2.521842135456321
2.515029889958064
2.5246154582596514
2.518674821556579
2.525563834959168
2.526709254060573
2.52273797661698
2.527873663965673
2.5323993176625996
2.524910789595902
2.5301085716108926
2.5272878983685287
2.525737047651157
2.5273640433466524
2.5315259825904293
2.537417897441403
2.537973551056356
2.541071600336284
2.542749200450514
2.5369217859243287
2.538246251489706
2.536057765304251
2.5380439896427314
2.5352870591112824
2.5241505915582496
2.5161834236609844
2.518330289810328
2.5216641564878643
2.5214559001353267
2.513779468131509
2.512584215315225
2.518506511079651
2.5154501497705875
2.5231184421815818
2.5271059361299564
2.5199022880012825
2.5256246914332405
2.5261763093358844
2.514989126979702
2.5168576242942864
2.5070064059188253
2.5039041302541967
2.5077663443229343
2.5107896255679085
2.5073390669254483
2.5115047351422013
2.5184392000961457
2.520514587812693
2.5203672492168825
2.5290702145299035
2.532071331460027
2.531371249184182
2.5254149086228077
2.521160703570911
2.5163116115363406
2.5160487725950427
2.5134351896450893
2.5142581723781205
2.5133571720952683
2.51347945302311
2.518595386280647
2.521113971474741
2.5237972780018914
2.524014764906346
2.518991559607154
2.5101083859357827
2.511886377697129
2.5087292734955815
2.5132483131779924
2.5097077016081997
2.5081507467341053
2.511803063091635
2.4959925335623048
2.4992839652154517
2.504745125794222
2.506305982204125
2.5026992322597534
2.497003899611879
2.4960697016971958
2.4965398258001805
2.494400930618589
2.4870635899450444
2.4836332451939134
2.489600792978364
2.4924418306849683
2.48973466006017
2.4870427467878926
2.474105306506305
2.472182589124103
2.4686315739356592
2.4686315739356592
2.4578423678996146
2.4566689207662225
2.451793293512397
2.462638762403602
2.4674876779996797
2.4652004869846733
2.4612655896258264
2.4643357642322408
2.466967290044482
2.471776037022709
2.4745555677420943
2.4825245609119655
2.485033193277631
2.4856090431928606
2.486428638787209
2.479981760977009
2.487989421700728
2.490032141438244
2.4935996979545556
2.4964363687874918
2.5026686575017396
2.4965425314989265
2.49771645306813
2.504170197899499
2.5038037180596366
2.5038999353343483
2.5056307513020317
2.5045386338799536
2.5094569187639615
2.5096067994804283
2.514807010121808
2.514807010121808
2.519140566667344
2.515868881064621
2.516681662210703
2.5182514039926476
2.5165716640810003
2.518492178270508
2.5164376730814295
2.514126498102656
2.5089112007201644
2.505822711218736
2.507944354836108
2.5115118436109354
2.5172670128878227
2.51162453199212
2.5149049164398036
2.5162517772318465
2.5101081410844808
2.5074068538059793
2.5118815531704413
2.5157996395378475
2.5137384665253513
2.518977238737794
2.512597986598533
2.5063147645043222
2.516151633115356
2.519464987292309
2.5206423844166768
2.5196071597815433
2.521102423420942
2.530505990572285
2.524862911393397
2.5223455016847596
2.51849276476862
2.5190398156408937
2.5180567634200584
2.5151048669716953
2.524524448949909
2.5299170369490227
2.536516739180461
2.5428854280480806
2.5479073705361595
2.546338342551019
2.546306388484214
2.5491913000376814
2.5365554264403873
2.545693625594097
2.5478825126254905
2.5451659434616776
2.552852429326849
2.557140677638801
2.562793681607138
2.5652718947709023
2.5683207352615023
2.56915628695025
2.5690183405444196
2.562657492277596
2.566220237925982
2.5705525514984817
2.5661053836846976
2.568121406994681
2.5683637685213387
2.5725565396543963
2.5733720955205808
2.5792850121828583
2.5801585346967912
2.5676562743308313
2.5592512513124213
2.559505817798302
2.5639450234591736
2.57257224634851
2.5664569745261825
2.567373401965201
2.570054111250916
2.569889433160458
2.5608542980188616
2.5631649966348067
2.5640334555547533
2.556384519569785
2.5529127854388785
2.551324684537872
2.5545838573779402
2.5606860073948896
2.5621644191020967
2.560278000857673
2.5666331396496105
2.564701429915796
2.5697948701516253
2.5758565400603426
2.5656040413039567
2.566228220540879
2.5582917029704366
2.559538605137042
2.5667774467742017
2.5696027851892587
2.5653518124907175
2.572081125725006
2.574277116526467
2.5589163085875213
2.5635281171684006
2.5724986083978125
2.5741954201700863
2.565924065774476
2.5673865508540805
2.5721319485299237
2.5753215238326947
2.5849502865693705
2.5892795757568536
2.595975039695494
2.5892627196082647
2.5827410302537994
2.584236494927639
2.572822669572838
2.5843336444716716
2.586754386354113
2.5876406091395134
2.5940797138172123
2.5960129474673517
2.583819076758566
2.584931614918248
2.579680304766735
2.580208015391252
2.581530372792119
2.5757207085334923
2.5751728385782764
2.5683096800696177
2.573773068541444
2.5765950051091853
2.577352540438207
2.5766693265684997
2.578112634667444
2.580320235490326
2.5853034942713715
2.5841792221045696
2.59563658869159
2.6021907308703853
2.6028429500530725
2.5957488607304073
2.5883525700504357
2.5894958845019738
2.5914135905270608
2.594380354736675
2.5999004503254333
2.601033987146611
2.603386871767138
2.6038095381113417
2.6035623879004044
2.60374390973128
2.5990595165362964
2.592733211177484
2.5886317214360135
2.587167636287428
2.5893887542432568
2.5900360237234206
2.5972213495944123
2.593861513461745
2.5905539505891246
2.5849175888573868
2.5884496761710962
2.5937333126868976
2.602031357704859
2.5922507104863066
2.596641568254261
2.596954115110117
2.593304222801729
2.595867946015383
2.5995812976346095
2.5972973363599863
2.592032247006595
2.5844247368535203
2.5874248597612692
2.582141773149832
2.5869325372704157
2.5809428327941415
2.575632922744672
2.570533347804994
2.5757968917823115
2.571427940061215
2.5779491574558393
2.5752640176987627
2.57007128147339
2.569812195309861
2.5694652903366966
2.5681050033816106
2.5675997869040845
2.565323008690522
2.5667913238558304
2.5679763153330666
2.5611990389085095
2.5591754338958586
2.564433223957744
2.5740655902870286
2.572139181138051
2.5779909314108833
2.572259482623494
2.575652842357424
2.5789155521098976
2.57800754134312
2.5714265111781858
2.563116677277199
2.5609793377733214
2.5563159161616467
2.5565918012628637
2.5476377598383144
2.5378883909918617
2.5297931227696595
2.531464415197792
2.530970006449765
2.533425252148736
2.538556788360558
2.532921346402729
2.524553570158245
2.5289831704094565
2.5233138053215614
2.5263761472044313
2.531070745556959
2.5420839940607713
2.547981129492383
2.5452791337608742
2.552738393280727
2.5535980408837027
2.5554623390338085
2.5575567182518477
2.5747355117276807
2.5763675275386753
2.57905796884767
2.5833094553449705
2.5864838166255506
2.590603260462147
2.588094075677718
2.596468426368977
2.588421094356027
2.583584580407896
2.586204941531373
2.575410406581538
2.577660478918346
2.5791103119835266
2.5791976868764506
2.576357874924563
2.5795489631827193
2.5776576072427098
2.5831937557178426
2.586845456419336
2.590506696289137
2.5923960921735314
2.5920295342611572
2.5958566395782188
2.5867999084837576
2.592178274442513
2.595028594657068
2.597307524150122
2.59887433168336
2.5884842653087614
2.5913387458083377
2.5898674765736303
2.591566412569156
2.5975333965253946
2.593508679714286
2.5978519066928873
2.5994116721169926
2.60667839264447
2.6078826827683295
2.6095328428138127
2.613542816895898
2.6191180662064646
2.628020630688103
2.6281561226815726
2.6306731928448754
2.6332670406109133
2.6298490260577605
2.634401787030709
2.634706539726937
2.631954796026876
2.636211216538084
2.6368220247912975
2.639913814968962
2.633993681235923
2.6314756787437035
2.633089164394896
2.63956163900602
2.640671523467823
2.6354203674040293
2.6422136069154436
2.6441309769660792
2.6469780448289315
2.6496051677183834
2.6535448347332684
2.648905893419548
2.6403106643123087
2.636373520298945
2.6403106643123087
2.6444771615474605
2.6501062802530355
2.6476484737114596
2.6506162656120096
2.6533977111126754
2.651119142606475
2.653308631992228
2.646607144662578
2.645604889188767
2.6478084003603057
2.6545769428716035
2.6486440775808213
2.6403963976597247
2.6409639835154066
2.6464289659970226
2.6490346801912357
2.6500480963376214
2.6494693613791984
2.6521691664576585
2.6547155322826597
2.6582695441591473
2.660994547740053
2.6633470375634185
2.67062822913293
2.66401842837364
2.6620849978104486
2.6463173098568737
2.6462715540683717
2.649596035564848
2.647010577948329
2.651215502662438
2.6465589405526653
2.6403726632931037
2.639641301834627
2.6417547841951787
2.6449157102158942
2.6436900132521615
2.646746590261977
2.6492018375609545
2.644302586150833
2.6413938188164052
2.63440200049652
2.626290418308079
2.622629927833649
2.626598577239391
2.6289292866996496
2.6302921252582925
2.62211557081331
2.624525166391911
2.6174063630436386
2.611269669774427
2.616855359337307
2.614660987818928
2.6184798817442427
2.6281466422071325
2.6171199020571727
2.617765331988064
2.6099791124863385
2.610878575641102
2.6068475409357625
2.619636253276983
2.616889544771804
2.625164891563959
2.625510895259352
2.6274940848007247
2.6258470572048873
2.623027405030962
2.6222965693037983
2.621559718052572
2.620827512091434
2.614252422938348
2.610742835822907
2.6021412313556085
2.5979983188349327
2.595058919338439
2.5960619471310626
2.60343200299392
2.603512440846795
2.6033806640830566
2.6019520369601374
2.60681737801055
2.6103549604961103
2.6063691104565407
2.605197369997771
2.6073837721616133
2.6132076611272255
2.616442659947542
2.6147093790516425
2.6124227376729228
2.6042773303369815
2.59752226690588
2.59490418539645
2.584123047313579
2.58146250816847
2.581010015301518
2.583101858618427
2.5893890346626476
2.5861567349171035
2.580198068479471
2.5820564393193983
2.5892070728537253
2.5950245751730705
2.603267557301044
2.601171147207891
2.607855338486888
2.6098500536327456
2.6215259830100037
2.6198157253950916
2.6184009234047814
2.6164276425119417
2.623180738644388
2.620798163943399
2.6258874944384547
2.6180887453691803
2.625274654901464
2.6260958737011872
2.625502014450465
2.6236611457036245
2.6188170114235056
2.6230240075544113
2.617732270900545
2.6162338883781375
2.6128314580325798
2.6129884205879588
2.6140172449649026
2.6139653627413155
2.617692684236853
2.621691404144257
2.6092950225487717
2.613350587802113
2.6111016781873264
2.610985852602809
2.6118626342819007
2.6100560463844795
2.608970850716191
2.6041187937226935
2.60216804941514
2.606777360065153
2.6099290140776596
2.608029682525337
2.6134411325671136
2.6152747398815475
2.615405177833659
2.6220938024731613
2.6159247029105503
2.620572403742694
2.613359159381167
2.613897077064966
2.6099406858887044
2.603540483024852
2.6002357279888924
2.6059307758863035
2.6102215354245537
2.6102215354245537
2.6104998038775955
2.599207066487546
2.603579376579522
2.585805367478097
2.587563917870802
2.596769638306326
2.589302184846574
2.5821479261053732
2.5858881600668453
2.5820643065391136
2.5790184095755913
2.5725678989013985
2.5804477204528555
2.5782556012981046
2.5782556012981046
2.567344344630073
2.5638665036983594
2.5672344456523577
2.571165348275772
2.5685232324243237
2.5690424086055152
2.5655907328126335
2.5662225842258803
2.569410161281725
2.566627259218219
2.5768317770474347
2.581144172744986
2.584692560007789
2.5883603885298854
2.5805856335941075
2.584761515916231
2.5868212691383916
2.5844988076504043
2.586497992144837
2.583835396051987
2.584259537969192
2.578953810911402
2.573542977601585
2.580355568762294
2.5657685420924983
2.5682214506413694
2.5816721492084977
2.5770851293310426
2.56981443709211
2.5771647582267527
2.580111314119279
2.5832547391329252
2.58367245972623
2.5877913698358377
2.5900539800227436
2.593684113895247
2.5867084994082368
2.5898518785464653
2.597154605427467
2.5957977610250054
2.596720450726402
2.600761371392567
2.6075670728729365
2.6136419426528037
2.6087457178703195
2.615095835075411
2.6146963658493467
2.624400953895036
2.6208136481098143
2.6209348416196776
2.6264302016038013
2.6324753620096355
2.635367911940335
2.6290385954378452
2.6327408998263198
2.6301294832620616
2.6291023136466816
2.636238844940464
2.633145371833876
2.6380997700421323
2.6344395853312723
2.6389470429166737
2.6261440687887507
2.6234692256812173
2.6147929062498823
2.6058340863031852
2.5990771005846396
2.60039024498406
2.59311440808676
2.5836136835437755
2.5873901560357226
2.5742404623713013
2.570948246601876
2.5657877318919375
2.5627927038208114
2.5685758932376817
2.5697610354465774
2.5701784368421148
2.559644514929808
2.563950686581435
2.548822024003716
2.5526874961371315
2.555023203809735
2.557086661191028
2.5576738823250453
2.5572015857471913
2.555955568192518
2.557070718658065
2.567454665500139
2.5629824350869304
2.556991944294136
2.5493530700215494
2.5459227200319083
2.543097461319758
2.5513374696794706
2.5457233865855695
2.547812341568427
2.5542719246117507
2.559497607269609
2.563907912366851
2.5656648697224695
2.5584322220792632
2.5643465152284888
2.56850945188196
2.5693014248523594
2.575486156953604
2.57961927756904
2.5752319455735044
2.575242290303062
2.5716848930695835
2.5714160592675843
2.5709899351821517
2.5764441765310306
2.580370934691226
2.5832976696321
2.586318894569986
2.5863692227626727
2.595057872993415
2.5963983214369692
2.5972255831181723
2.595504783595765
2.5982239838647443
2.6015138571560206
2.6013341347154495
2.6076447434683425
2.616191045768897
2.6241661033774637
2.6187160038602864
2.619742446452523
2.6129028494333375
2.6115756061012743
2.612125851524326
2.6068192678898616
2.6004350990176435
2.606153179461029
2.6055075930490514
2.610172458724601
2.6151920764361005
2.6173340775286755
2.6196951764147447
2.6155331053729025
2.622014054743484
2.623796925758981
2.621534461107737
2.621944170004292
2.6208606277406123
2.607757608234269
2.6041523685083106
2.597880278806851
2.596135852031338
2.590182913485822
2.5880513650202133
2.595897512309228
2.587310723477908
2.5901503493328644
2.5869146744455964
2.5792780699629763
2.5803120976078917
2.588180013273149
2.576016006482613
2.5666179150219306
2.5593260126549713
2.5667508447766476
2.5684937153548812
2.5768768409120204
2.5724197087180287
2.5715596687536895
2.5755541871914236
2.576009470156817
2.5741418679935033
2.56781960518887
2.5720787074441676
2.5789829321834703
2.58154208948072
2.586898442921066
2.585709647376004
2.586723433039615
2.5862112004112086
2.576848232459857
2.5663278867795025
2.563064756863894
2.5712219394690594
2.5743157447954688
2.5639308888410244
2.5665336001650476
2.5684591165456045
2.5662022978501517
2.560011592675199
2.5509356828780287
2.5520749057556613
2.5547467583562837
2.5568595405617334
2.562621998017454
2.561687986097432
2.566389061849424
2.566594787644825
2.5597517719846534
2.5477859451103946
2.544498646629726
2.5583735487503625
2.558754102052234
2.5582024219866613
2.5583696094497053
2.5635050915648088
2.565054153928892
2.571546616935406
2.5787760417220245
2.5799023413783138
2.580476305803338
2.5844769060359596
2.5881748235857254
2.5843049763093884
2.5880048019116573
2.5924570544261805
2.5946835579957765
2.5958336183503197
2.588495185942789
2.5915843484394956
2.5913872984268282
2.5988093522308406
2.599759274004921
2.6043741996792154
2.610147569690834
2.6134135519335646
2.608270777513219
2.613079012056117
2.6149176056500925
2.614025068980587
2.6166435012724047
2.619237709653905
2.622540988832589
2.6279472489942632
2.626049381808539
2.6333439539225476
2.643851884573
2.639461384002731
2.6380533696989525
2.642362259753352
2.649114298719829
2.652299420043931
2.6595868345599896
2.666128086476998
2.664723950687312
2.6680032964971434
2.6666969785448464
2.6612419080573155
2.658747171821671
2.6542400456060298
2.6584283753185765
2.6606469817328997
2.6635909579230255
2.6664074100242963
2.6560116995363634
2.6590045551403345
2.6558461153130914
2.6617528471682137
2.660544832199256
2.663884123081931
2.6620283121082697
2.6588119468880427
2.66271378745549
2.6699556889077924
2.6718065918785303
2.6636727706037453
2.652298982101134
2.6491131657910145
2.6540043280991603
2.6429909125813063
2.645524741013069
2.6538613526532813
2.6573073368913747
2.6605284490909122
2.6548948282047773
2.6574278893387824
2.659520417142218
2.6536920125526686
2.6613216007603206
2.667414982632066
2.66237644061305
2.6691411532204534
2.6690065112599535
2.6676051265188914
2.67339290278799
2.672084422563942
2.678106431418869
2.6758840159159303
2.677552201631044
2.6785393502122656
2.679180139299247
2.670703172984385
2.672979952085689
2.6712496297414683
2.667222877433417
2.6699474780382806
2.6699474780382806
2.6645366409911992
2.6699143239145746
2.672985797682879
2.662509285079841
2.6587964176812986
2.657229834550816
2.653867402211594
2.648585756131184
2.654405932238
2.662382812365096
2.657809712902291
2.6558703095979252
2.6587721921913183
2.6509860456571537
2.6564433860798364
2.65347266875392
2.6458883967645757
2.641987216458561
2.641987216458561
2.645101569747033
2.6455828961328183
2.6464351426946484
2.6455606020842226
2.640623437232059
2.6412993022346773
2.6472813765506134
2.6472813765506134
2.6502365147101044
2.6494345478964294
2.6458559074555814
2.6469947759038375
2.648173310268504
2.6413281584708717
2.6395924425938957
2.6485582223016477
2.652556870313053
2.6499686353652976
2.647906975880683
2.654226073755452
2.659354433823459
2.661513072863278
2.6522478622885846
2.6565792490107354
2.656848884580408
2.6528941386782114
2.6553770627009805
2.660058924580686
2.6651688554103634
2.667811234536532
2.66267408973063
2.6630997061561206
2.6677017688527993
2.6696160836529805
2.6703166909425344
2.6689157004151443
2.6743383993056784
2.6738495422169377
2.6738830151506323
2.6753148645755838
2.678245847452919
2.681983300539153
2.6845063945908647
2.6883926837860006
2.6926342261422547
2.6896618803976153
2.6834725066306375
2.6888092566083057
2.689391244355015
2.6937982224632355
2.6956591836244397
2.695972703989425
2.689918654659011
2.6822237768022217
2.676328455774705
2.672739249958917
2.6776260173492012
2.6738189342034477
2.6719277317131174
2.6792389647981842
2.6805253024429656
2.680521440567949
2.684522130216281
2.6827371217764457
2.6842565725837257
2.6704892803104534
2.668822442261464
2.6616421706397686
2.6561832663198603
2.6566868310743854
2.6481180032431513
2.653732277544036
2.650214248981686
2.650898850179946
2.64763054889551
2.649100256866441
2.6467584004932014
2.6512452203712664
2.64602804764395
2.6519428834923917
2.653727576796856
2.6534221065411954
2.6547313717073107
2.6542715027690518
2.644428937404825
2.646688701289973
2.6607815116449074
2.6635709430091534
2.6683523857705853
2.6720666472781867
2.658433954064926
2.6518048602130766
2.6518048602130766
2.6462197663587435
2.6538223770852025
2.6517407341502315
2.6438875577429646
2.6462168601800533
2.643763821244159
2.6269266626223384
2.6253911151053275
2.6177115221598006
2.6189434032025973
2.619356622457135
2.611448191885153
2.6163541829003685
2.617384179538811
2.6129195766903717
2.6098427701770945
2.6127455670628272
2.606710071341865
2.608672136672549
2.6026575051169654
2.604287880307954
2.60789996827258
2.6104616507982636
2.6126007965541396
2.6075792954101473
2.6077071305134583
2.615694100914851
2.6127652925244407
2.610067344425331
2.611152748479246
2.613529275839313
2.613696630017211
2.617480846714985
2.6217232879044836
2.6305296679779038
2.637771336234931
2.630425458435589
2.632481473826326
2.638713582134395
2.6498832544304514
2.6461568246165292
2.651868936669396
2.651868936669396
2.6501761029457964
2.639817391853704
2.6413208852561065
2.6322086011317896
2.6423359397508674
2.6378003051923162
2.6400653418998883
2.642272749997812
2.6387977208289715
2.644599395517251
2.6329610469107494
2.6221778879871533
2.6281824685054
2.630722969300871
2.6345246832285283
2.628985914669838
2.641338433005986
2.645804865081092
2.6492772503119864
2.656365421888055
2.6652075517536127
2.670154042199005
2.6760199521863974
2.673729653377319
2.680467227932151
2.678231209764727
2.6857134448499194
2.6861136616899346
2.683597861034431
2.6825726893520945
2.6804154279945753
2.6640487284272583
2.665795011450937
2.666734335637672
2.672090872590736
2.6709926968284794
2.6710246631916457
2.665513848372727
2.6682352907186573
2.6672656924681033
2.6672656924681033
2.6687866001772105
2.6699400725880293
2.6738922128001668
2.6605711629161095
2.6585943653428625
2.6635356448717373
2.6689722186979257
2.6682078651650976
2.674237690520383
2.67447076976177
2.6796674493785373
2.6790593940393657
2.6730272982525927
2.674383397948085
2.6787988772484574
2.6661960603607557
2.668555006511445
2.6659246305070408
2.6555314665424095
2.652697212785954
2.6417234860380723
2.64183121414358
2.645690414385568
2.6408644890123156
2.6434422244405873
2.640016969155679
2.644762273621604
2.643624128379913
2.645149810705766
2.648640120829378
2.650823701535786
2.6440090991978575
2.6342090473646245
2.6271858137696538
2.6240933062508582
2.6212792026211758
2.613280632768442
2.6147068755765575
2.608482000054519
2.6093683642848515
2.6130053106316082
2.6130422519725065
2.6083929523082587
2.6048583387524027
2.602195302069288
2.6038592563661216
2.6051701132422007
2.6094425997205044
2.6200768821637133
2.6178254532538467
2.622581119035779
2.6259595812154948
2.6188166322339317
2.6103067599836254
2.6105405860879753
2.6082115860026223
2.609216859765314
2.608730797228091
2.609963958890827
2.6096119664581603
2.595062613858303
2.5993665614704664
2.6034436804575876
2.6026471075224227
2.6015747685498223
2.6037603660824797
2.5941225265203918
2.589677750893272
2.60000936771302
2.604322638671589
2.5950671370357075
2.60029102497578
2.609999757113586
2.6126338207893682
2.6161342346753687
2.6217153832668902
2.6223681502823424
2.6236937789508095
2.624403571141318
2.6139147719305185
2.6108069730377577
2.621007418291962
2.6251563239373965
2.619899519901722
2.6222629958836325
2.6157687688276963
2.611058371227612
2.6123140934372446
2.614684618750505
2.607492582156381
2.6107351915239607
2.613460850296265
2.6146198345622325
2.613930933854039
2.601516053429637
2.6069849374363745
2.6022755218408844
2.5903637332738683
2.5859439462489746
2.593330542528304
2.599377474583301
2.592521200092834
2.5897735255617484
2.591147326829529
2.5970884397844167
2.592194096737039
2.5877924700087664
2.5918457860717243
2.5898576424205975
2.5836476257574574
2.588134428305446
2.5901090722530653
2.5977455577524293
2.6008508968237365
2.600001237732201
2.5988514399596263
2.6043027169812767
2.6094369829780804
2.612935574391693
2.6077015498861007
2.614784221652852
2.6117642021777696
2.6239084463488753
2.6284606416639353
2.620229130487337
2.6293432312594667
2.628524930819442
2.6377622352659067
2.635968182662174
2.632690239005522
2.6362004771326153
2.638573880113796
2.6371848607784187
2.639417930667351
2.634268558527747
2.6399868717075594
2.637581272644224
2.6360559328501396
2.6347048496830276
2.634729058625774
2.6401394407774363
2.6369933044140814
2.6387573276183556
2.63988165865723
2.6399465136766924
2.6459045260230862
2.646531292118468
2.6485474535028346
2.6538551024792554
2.658733982539763
2.6616435752796366
2.6546189711246906
2.6571949034152174
2.653237657897444
2.6435078630039524
2.646436131875683
2.646436131875683
2.6480454031839624
2.6468361829385665
2.6405706410732654
2.6313759497928606
2.630962461548327
2.6286573658257244
2.6254789709529756
2.6173257857758587
2.615250454581572
2.6197894760947342
2.6236672272412616
2.626519297720339
2.618143347349133
2.6226337528672587
2.618200824566068
2.63033544055088
2.626536055044107
2.6219251569899673
2.6148768025565725
2.614851355626099
2.6227296081733624
2.6265559238340273
2.6292064050402346
2.6279394742313507
2.6290762379032437
2.6217196082013468
2.6289742088116688
2.6287479035604813
2.6290054975777672
2.625008096093013
2.627194674848834
2.6254476293855022
2.632836026682089
2.628693692094627
2.631890298701831
2.6298688706758777
2.627011087568249
2.6159444735595514
2.6159444735595514
2.6235474981200273
2.624704900784959
2.6208834431647516
2.616568958605809
2.6180495105239383
2.620152000069004
2.623324555962556
2.629372090362031
2.6238311293666747
2.6268163452374917
2.6367481813727696
2.630078717373605
2.621853384803095
2.6223925110336053
2.61820509782915
2.633038865044636
2.633038865044636
2.6349416348316708
2.6381420191374976
2.6420342114916435
2.64375486554664
2.640004525227316
2.6432099907274504
2.6417618599185357
2.642399273221971
2.6509834190289387
2.647628179398822
2.6483907327696
2.651779556282266
2.656519937551416
2.659478184946015
2.668740258264744
2.6747572447065417
2.669460561365017
2.664743139474889
2.662699500884668
2.6605948142328355
2.663384585326065
2.6637971635702007
2.670881098361524
2.6651892795414165
2.671672032503802
2.675539463078798
2.6736926487432213
2.6697663998716377
2.6771803555265126
2.6750119465670266
2.6842965147488127
2.6829089499904324
2.6842368671241634
2.6806668995336893
2.6798102768405614
2.6843954119238775
